305.5619239
216.2295122
176.4923213
152.874555
136.8074722
124.928651
115.6781018
108.1445163
101.9313496
96.67840106
92.18343385
88.2366653
84.75764439
81.67158487
78.89598985
76.39370896
74.10062392
71.99640448
70.04780669
68.25159631
66.59513907
65.05250205
63.62362691
62.28437122
61.03716504
59.86621658
58.76769717
57.72553289
56.73951064
55.80445282
54.92389034
54.08198935
53.28138603
52.52141264
51.79299992
51.0944989
50.42835559
49.78772334
49.16868959
47.99219661
47.42940793
46.88541631
46.36111548
45.36792992
44.89603899
44.00061033
43.5704883
42.74768747
41.9625951
41.59023853
40.86796344
40.1795676
39.52321374
38.89661436
38.30039643
37.7262568
37.17332274
36.63890374
36.12085542
35.62475277
34.92684425
34.48569849
33.85959051
33.46164754
32.89565622
32.35181289
31.83135355
31.33151377
30.85631339
30.40886831
29.97961025
29.56446675
29.04508868
28.67749613
28.21092584
27.76648531
27.33981147
26.93789578
26.54840688
26.17166728
25.73114166
25.38885562
24.97993064
24.58793554
24.21224858
23.85581046
23.44255714
23.11296318
22.72853999
22.3598771
22.00906132
21.66754716
21.28498237
20.9766851
20.63025443
20.29842084
19.97259126
19.62108814
19.29692971
18.98482104
18.68518925
18.37196742
18.07776971
17.800854
17.53302258
17.25164036
16.9817538
16.72825459
16.46227098
16.21053059
15.97516587
15.73479212
15.5068175
15.29508964
15.07574584
14.8459995
14.64677477
14.4402052
14.23459429
14.03402298
13.82856737
13.63547206
13.45841712
13.28656923
13.11099407
12.94200865
12.77224851
12.60725763
12.43963174
12.26960071
12.09375749
11.93394782
11.77024072
11.61434957
11.45346457
11.2875036
11.12319038
10.96786607
10.81027084
10.64908974
10.49353649
10.34397688
10.18797299
10.03381216
9.87901857
9.723242351
9.569201994
9.420225715
9.277917874
9.131866716
8.994308393
8.86003146
8.728182516
8.606936245
8.486464395
8.369525642
8.257686912
8.156346645
8.065352288
7.980985279
7.901223856
7.823422156
7.751254342
7.686722726
7.626493976
7.566391317
7.508179352
7.449765782
7.390440138
7.334164921
7.276514938
7.231372909
7.186533387
7.150973844
7.117551239
7.08963457
7.061904475
7.037335813
7.015848785
6.99448718
6.976271189
6.962911531
6.956338665
6.956179986
6.959256217
6.968445455
6.983860084
7.007356517
7.037118113
7.071316485
7.108840773
7.151833933
7.194999947
7.236433113
7.283207527
7.32993495
7.378858354
7.427303122
7.476166956
7.530387456
7.587815727
7.651607828
7.719464492
7.790355454
7.863097705
7.93749963
8.014095288
8.091143276
8.169463818
8.247343027
8.327394698
8.411237303
8.498605322
8.58886463
8.683487137
8.78221772
8.88174156
8.986820915
9.094935529
9.206932211
9.325369343
9.445137144
9.569042945
9.697515498
9.832150402
9.972941037
10.11875008
10.27066521
10.42540385
10.5841347
10.74412375
10.90761688
11.07216939
11.23630404
11.39860849
11.5605057
11.72052864
11.88009235
12.0385576
12.19551896
12.35135068
12.50864309
12.6646367
12.82024634
12.9745443
13.1273686
13.27932252
13.43096333
13.58139254
13.73053836
13.88101846
14.03065838
14.18025344
14.32613187
14.46487663
14.59662138
14.72645434
14.84986484
14.96676462
15.07340249
15.16980304
15.25935418
15.34601373
15.43088299
15.51623631
15.61029972
15.71232608
15.82371185
15.94585905
16.07941532
16.22821439
16.39042134
16.57109047
16.76882831
16.98783669
17.23227022
17.50233308
17.79739709
18.11182832
18.44191739
18.7849144
19.14219353
19.51679941
19.91093686
20.32699936
20.76735941
21.23312469
21.72438849
22.23920572
22.78450282
23.36659648
23.98383146
24.63264786
25.31551057
26.02522606
26.75892876
27.52153075
28.30564952
29.11472279
29.95210551
30.81570213
31.70945078
32.64638335
33.61891053
34.63972971
35.71819019
36.84959464
38.02413453
39.25275018
40.53377385
41.87609346
43.25663882
44.63247141
45.97203103
47.26283107
48.51463494
49.75500221
50.97833948
52.15056895
53.2659297
54.39550196
