0.02945233807
0.01809275883
0.01395006607
0.01170892925
0.0102680661
0.009246886125
0.008476410556
0.0078692278
0.007375173532
0.006963204595
0.006612977051
0.006310543655
0.006045987991
0.005812044684
0.005603254957
0.005415428611
0.005245289354
0.005090234029
0.004948164972
0.004817370651
0.004696438978
0.004584193262
0.004479644114
0.004381952829
0.004290403148
0.004204379221
0.004123348222
0.004046846511
0.003974468503
0.003905857658
0.003840699113
0.003778713628
0.003719652569
0.00366329373
0.00360943783
0.003557905563
0.003508535093
0.003461179931
0.00341570711
0.003329935083
0.003289424539
0.003250371478
0.003212690937
0.003141140741
0.003107132395
0.003042340616
0.00301144703
0.002952417582
0.002896774201
0.002870123854
0.002818990635
0.002770538579
0.002724542854
0.002680804175
0.002639145188
0.002599407462
0.00256144897
0.002525141971
0.002490371211
0.002457032397
0.002409504423
0.002379349853
0.002336226292
0.002308784701
0.002269432368
0.002232090283
0.002196595372
0.002162802523
0.002130582116
0.002099817962
0.002070405567
0.002042250654
0.002006520573
0.001980981575
0.001948477783
0.00191761089
0.001888251411
0.001860283796
0.001833604555
0.001808120689
0.001777819909
0.001754731244
0.001727200215
0.00170103732
0.001676137355
0.001652406146
0.001625352949
0.001603906945
0.00157938865
0.001556099311
0.001533945275
0.001512842633
0.001489451515
0.001470377943
0.00144917903
0.001429032631
0.001409861157
0.001389055516
0.001369339056
0.001350628532
0.001332849399
0.001313878037
0.001295915403
0.001278885153
0.001262718845
0.001245694876
0.001229585837
0.001214323852
0.001198441408
0.001183437401
0.001169246616
0.001154624537
0.001140832339
0.001127808811
0.001114503693
0.001101039808
0.001089280641
0.001077357723
0.001065372884
0.001054143844
0.001042936068
0.001032463223
0.001022670477
0.001012955762
0.00100338666
0.0009944994829
0.0009858021366
0.0009777539854
0.000969930435
0.0009627217978
0.0009554480692
0.0009490971773
0.0009427537523
0.0009370014362
0.0009315800706
0.00092651446
0.0009218257792
0.0009176809175
0.0009139062476
0.0009104043439
0.0009074275847
0.0009049327733
0.0009027549609
0.0009009927737
0.0008996484144
0.0008987222402
0.0008982129471
0.0008981177454
0.0008984325282
0.0008991760481
0.0009003033777
0.0009018637033
0.0009038740252
0.0009062300712
0.0009090294327
0.0009122086433
0.0009158334924
0.0009199082767
0.0009242555228
0.0009291285312
0.0009343426007
0.0009399847438
0.0009460506957
0.0009524249879
0.000959316806
0.0009664962435
0.0009741822008
0.0009821323661
0.0009905736065
0.0009992541647
0.001008531602
0.001018025162
0.001027972379
0.001038236473
0.001048932702
0.001060050014
0.0010714485
0.001083372156
0.001095552197
0.001108104256
0.001121015621
0.001134400778
0.001148118687
0.001162156422
0.001176626741
0.001191390189
0.001206558311
0.0012222395
0.001238172185
0.001254465861
0.001271106328
0.001288198647
0.001305725878
0.001323554531
0.001341787163
0.001360407643
0.001379400191
0.001398749426
0.001418551021
0.001438786687
0.001459330506
0.001480275734
0.001501710986
0.001523511862
0.001545662588
0.001568351068
0.001591354377
0.001614856401
0.001638738331
0.001663079892
0.001687861254
0.001713063297
0.001738667616
0.001764838924
0.001791372819
0.001818430489
0.001845901598
0.001873853995
0.001902351423
0.001931286111
0.001960721128
0.001990634269
0.002021004244
0.002051968713
0.002083423411
0.002115423135
0.002147943533
0.002180961277
0.002214600829
0.002248762054
0.002283421485
0.002318767202
0.002354630164
0.002391055111
0.002428083782
0.002465755029
0.002504039866
0.002542910567
0.002582403759
0.002622553466
0.002663391218
0.002704825568
0.002746948239
0.002789786528
0.002833250396
0.002877424886
0.002922333615
0.002967998252
0.003014330291
0.003061406062
0.003109296804
0.003157862033
0.003207274756
0.00325744628
0.003308440812
0.00336022088
0.003412846451
0.003466279016
0.003520621041
0.003575785375
0.003631824519
0.003688742896
0.003746587663
0.003805359517
0.003865058449
0.00392568379
0.00398727526
0.004049869494
0.004113460449
0.004178041735
0.004243645173
0.004310262012
0.004377958005
0.004446720628
0.004516573552
0.004587538242
0.004659634072
0.004732878433
0.004807252835
0.004882806088
0.004959583213
0.005037528249
0.005116747591
0.005197182967
0.005278933654
0.005361939492
0.005446263177
0.005531933116
0.005618945931
0.00570732615
0.005797124056
0.005888302557
0.005980962549
0.006075063158
0.006170644474
0.006267743112
0.006366392385
0.0064665719
0.006568336119
0.006671735074
0.006776742197
0.006883402671
0.006991734382
0.007101799006
0.007213607896
0.007327148157
0.007442516324
0.007559671974
0.007678682365
0.007799588392
0.007922385831
0.008047130344
0.008173832818
0.008302541488
0.008433280845
0.008566072451
0.008700953905
0.008837977551
0.008977154593
0.009118529902
0.009262144062
