309.9676755
217.7407027
177.3910486
153.4545174
137.1622695
125.155687
115.8347902
108.3276848
102.1133946
96.85893079
92.34020198
88.40012684
84.92489289
81.8297475
79.05010508
76.53576896
74.24705594
72.15212464
70.22508936
68.44466038
66.79314536
65.25570373
63.81978164
62.47467805
61.21120733
60.02143404
58.89846237
57.83626728
56.82955811
55.87366731
54.96445917
54.09825436
53.27176714
52.48205286
51.72646372
51.00261138
50.30833516
49.64167487
49.00084752
47.79032788
47.21778803
46.66535778
46.13188728
45.11766734
44.63503379
43.71451848
43.27513412
42.43473793
41.6415213
41.26125507
40.53099879
39.83823623
39.17986722
38.55313904
37.95559788
37.38504837
36.8395196
36.31723647
35.81659534
35.33614332
34.65046522
34.21496543
33.59151774
33.19438076
32.62429939
32.08269624
31.5672805
31.07601136
30.60706401
30.1588011
29.72974866
29.31857579
28.79609097
28.42213953
27.94558231
27.49234235
27.06058399
26.6486678
26.25512441
25.87863249
25.43019139
25.0878789
24.6789708
24.28959574
23.91825438
23.5636038
23.15836425
22.83635158
22.4673172
22.11583532
21.78056743
21.46031383
21.1042277
20.81294416
20.48815186
20.17837944
19.88251612
19.56014135
19.25329604
18.960788
18.68154957
18.38207694
18.09696312
17.82511488
17.56555233
17.29048985
17.02842426
16.77838461
16.51619274
16.26645796
16.02824875
15.78054834
15.5445962
15.3195199
15.08705293
14.84892635
14.63830668
14.42194829
14.20128629
13.99129385
13.77816914
13.57541903
13.38227133
13.18679874
12.9899614
12.80276856
12.61485376
12.4361419
12.25722753
12.08706078
11.90922785
11.74794517
11.58008437
11.42073221
11.26285055
11.10683786
10.9530473
10.8072458
10.66366945
10.51768921
10.37960074
10.24882203
10.11651671
9.987470202
9.861806915
9.739629277
9.621019884
9.506043475
9.394748781
9.284426631
9.180750019
9.07839406
8.977814677
8.883653321
8.791476325
8.703483651
8.617886132
8.534975171
8.4579707
8.382313344
8.311074339
8.242960773
8.178135297
8.117713566
8.059763656
8.006255511
7.955564212
7.909286911
7.866079941
7.827205518
7.791127186
7.759378661
7.731097296
7.706692533
7.685893978
7.668793389
7.655584381
7.646018833
7.640335175
7.638424531
7.640286655
7.645977524
7.655462196
7.668693825
7.685777972
7.706539298
7.731112601
7.759718166
7.791873123
7.827746884
7.867283838
7.910730518
7.958058898
8.008884945
8.063468824
8.12174744
8.183648198
8.249090615
8.318381125
8.39144988
8.467810718
8.547773081
8.631664561
8.718980919
8.809621764
8.904340509
9.00218616
9.103914955
9.208994049
9.317750901
9.430079625
9.545872324
9.665020121
9.788278014
9.914668682
10.04494176
10.17855246
10.31581445
10.45703412
10.6016682
10.75002041
10.90197065
11.05740091
11.21701325
11.38027035
11.54745477
11.71843997
11.89310261
12.07210624
12.25492532
12.44143705
12.63266472
12.82770694
13.02681607
13.23023422
13.43819333
13.65055357
13.86718042
14.08829906
14.31412527
14.54486567
14.78003211
15.02017531
15.26548723
15.51548792
15.77070376
16.0313144
16.29749243
16.56876819
16.84563631
17.12857142
17.41679859
17.71140318
18.01192074
18.31880159
18.63188957
18.95162016
19.27783581
19.61124418
19.95139618
20.29870251
20.65328324
21.01553044
21.38555246
21.76345667
22.14934977
22.54360114
22.94656976
23.35834687
23.77902461
24.20894942
24.64820875
25.09738891
25.55656748
26.02606882
26.50621143
26.99730853
27.49966869
28.01336061
28.53892476
29.07689055
29.62708739
30.19049806
30.76695022
31.35740762
31.96169823
32.58054841
33.21445198
33.86367926
34.52871843
35.2102683
35.9083775
36.62416373
37.35767158
38.109583
38.88057321
39.67131148
40.48205067
41.31366213
42.16700843
43.04233795
43.94050859
44.86217175
45.80837535
46.77976235
47.77677853
48.80085417
49.85223438
50.93214436
52.04160717
53.1812562
54.35230322
55.55557158
56.79226595
58.06339659
59.36997259
60.71319063
62.0944323
63.51470048
64.97537189
66.47781995
