0.03001815548
0.01850573007
0.01429366203
0.01201011721
0.01053978337
0.009496565423
0.008708800707
0.008087585759
0.007581849915
0.007159962616
0.006801179959
0.006491271517
0.006220113927
0.005980286551
0.005766211518
0.005573605536
0.005399118336
0.005240087134
0.005094365592
0.004960201994
0.00483615075
0.004721006977
0.004613757372
0.004513542794
0.004419629399
0.00433138611
0.004248266845
0.004169796357
0.004095558853
0.004025188771
0.00395836324
0.003894795887
0.0038342317
0.003776442747
0.003721224594
0.00366839328
0.003617782753
0.003569242695
0.003522636654
0.003434740757
0.003393233981
0.003353225149
0.003314627037
0.003241348126
0.003206524929
0.003140194177
0.003108573507
0.003048168031
0.002991244934
0.002963988173
0.002911704244
0.002862178598
0.002815180249
0.002770504436
0.002727968922
0.0026874109
0.00264868441
0.002611658164
0.002576213699
0.002542243814
0.002493843444
0.002463153307
0.002419290161
0.002391395255
0.002351418287
0.002313513383
0.002277512826
0.002243267361
0.002210643656
0.002179522183
0.002149795433
0.002121366403
0.002085329176
0.002059600695
0.002026894963
0.001995880182
0.001966423042
0.001938404562
0.001911718166
0.001886268065
0.001856063203
0.001833091472
0.001805753493
0.001779832371
0.001755219642
0.001731818185
0.001705213076
0.001684181312
0.001660205854
0.001637506057
0.001615985187
0.001595556542
0.001572999981
0.001554680443
0.001534403436
0.001515221496
0.001497054258
0.00147744177
0.001458963644
0.001441533484
0.001425073863
0.001407630462
0.001391238546
0.001375818611
0.001361299316
0.001346145155
0.001331944554
0.001318626527
0.001304920048
0.001292127996
0.001280181913
0.001268042428
0.001256764634
0.001246284004
0.001235762295
0.001225325183
0.001216400232
0.001207551418
0.001198881551
0.001190985628
0.001183349089
0.001176459962
0.001170259731
0.001164367954
0.001158849294
0.001154011402
0.00114958313
0.001145795066
0.001142442435
0.001139687581
0.001137289568
0.001135566675
0.001134259521
0.001133506546
0.001133259703
0.001133535786
0.001134347608
0.001135645272
0.001137459365
0.001139887103
0.00114276316
0.001146043659
0.001149953432
0.001154382059
0.001159323398
0.001164769682
0.001170711753
0.001177139274
0.00118404093
0.001191601853
0.001199421038
0.001207884824
0.001216994919
0.001226311697
0.001236251893
0.001246584381
0.001257522043
0.001269056583
0.001280709455
0.001293165584
0.00130594334
0.001319264201
0.001333114441
0.001347239824
0.001362104109
0.001377212566
0.001393028882
0.001409057915
0.001425761911
0.001442647659
0.001460411052
0.001478324025
0.001496842006
0.001515713016
0.001535152462
0.001555140494
0.001575430166
0.001596457704
0.001617751452
0.001639519351
0.001661742614
0.001684619645
0.001707911266
0.001731599935
0.001755878644
0.001780516374
0.00180570256
0.001831617744
0.001857832035
0.00188452956
0.001911689849
0.001939486289
0.00196789249
0.001996694518
0.002026060647
0.002055966781
0.002086389649
0.00211730682
0.002148872856
0.002181059855
0.00221366952
0.002246851964
0.002280748788
0.002315164627
0.002350076467
0.002385781672
0.002421930714
0.002458813991
0.00249624622
0.002534353634
0.002573106278
0.002612475412
0.002652433509
0.00269323849
0.002734572601
0.002776687953
0.002819413698
0.002862856309
0.002907115564
0.002952024857
0.0029976829
0.003044055994
0.003091111916
0.003139064584
0.003187753104
0.003237262919
0.003287556928
0.003338599666
0.003390584046
0.003443355805
0.003496879257
0.003551445278
0.003606793315
0.003662992903
0.003720108858
0.003778201471
0.003837226395
0.003897141262
0.003958002888
0.004019864029
0.004082773554
0.004146590898
0.004211457633
0.004277416049
0.004344327779
0.004412324008
0.004481441317
0.004551713262
0.004623003871
0.004695430813
0.004769103873
0.00484380713
0.004919806888
0.004996966897
0.005075386064
0.005155006927
0.005235921844
0.005318071748
0.005401614309
0.005486415675
0.00557255668
0.005660044245
0.005748950965
0.005839278017
0.005931025487
0.006024192452
0.006118840046
0.006215024651
0.006312737067
0.006411967557
0.006512765094
0.006615116309
0.006719122298
0.006824763885
0.006932077502
0.007041096185
0.007151849755
0.007264364986
0.007378613528
0.007494670412
0.007612604841
0.007732330904
0.007854012071
0.007977558879
0.008103123856
0.008230614635
0.008360127553
0.008491706274
0.008625345643
0.008761083365
0.008898996695
0.009039028698
0.009181334358
0.009325850926
0.009472639999
0.00962175783
0.009773255603
0.009927102023
0.01008338075
0.01024216863
0.01040342489
0.01056721894
0.01073357825
0.01090259755
0.01107429431
0.01124864872
0.01142580904
0.01160571322
0.01178846455
0.01197412584
0.01216269061
0.01235424435
0.01254880379
0.01274644301
0.01294719961
0.01315110673
0.01335822211
0.01356862612
0.01378233599
0.01399942062
0.01421994234
