305.5481671
215.6948628
176.1496254
152.4820758
136.3325028
124.4708484
115.3213422
107.9608177
101.8808371
96.75423307
92.32670647
88.4749239
85.08302033
82.05057137
79.31759779
76.83876296
74.57801545
72.49068854
70.5712151
68.80646395
67.17254205
65.65168913
64.23206076
62.91099789
61.66084231
60.48410676
59.36774665
58.30642004
57.2974974
56.34153469
55.42997173
54.55671512
53.72132052
52.92312876
52.15759018
51.42613238
50.72663125
50.05066089
49.39299939
48.14265965
47.55080516
46.98057821
46.4276625
45.37369086
44.86875022
43.91243891
43.45788411
42.57835867
41.74136664
41.34307808
40.58947904
39.87750316
39.19830972
38.55163003
37.93818654
37.35083913
36.7913488
36.25726698
35.74376402
35.24996275
34.54499806
34.10358081
33.47198988
33.07303028
32.50287268
31.95681268
31.43871496
30.95128766
30.49000588
30.05014509
29.63019088
29.23054315
28.72005441
28.3530775
27.88775222
27.44854244
27.03250918
26.63470019
26.25458954
25.89075796
25.45292295
25.11790134
24.71799555
24.34149567
23.98199808
23.64206439
23.24826164
22.93812577
22.57968424
22.24011659
21.90920107
21.58754465
21.22852824
20.93602625
20.61224686
20.30636971
20.01412931
19.69732388
19.3933391
19.10159148
18.8254473
18.52711233
18.24209483
17.97532093
17.72134213
17.44697297
17.18194306
16.92733382
16.65894816
16.3991411
16.15666815
15.90162306
15.65791799
15.42967543
15.19602519
14.95312351
14.73103564
14.49827046
14.25694769
14.02481964
13.7935596
13.57725083
13.36809456
13.15521518
12.94709197
12.74919568
12.55227144
12.37105373
12.19734106
12.03234344
11.85783622
11.70480428
11.53950371
11.38162556
11.22566694
11.07092052
10.91792415
10.77162675
10.62799572
10.47439842
10.32583833
10.18872448
10.05309141
9.913973714
9.780051531
9.652146338
9.520874343
9.387709329
9.259343591
9.126718008
8.997512872
8.867230255
8.739138084
8.618492102
8.496690853
8.378408965
8.264707712
8.158313348
8.061458164
7.971664783
7.893535036
7.823497012
7.760164989
7.700843195
7.642225895
7.591245585
7.545795485
7.501944294
7.463671859
7.43524525
7.410792939
7.389337829
7.372070178
7.355228178
7.346059885
7.341882414
7.343489474
7.346903382
7.350865726
7.354741366
7.360760742
7.36647045
7.371631781
7.378637893
7.387324222
7.400050131
7.411220392
7.421940182
7.434735605
7.450999283
7.471995325
7.493033327
7.517182875
7.547730104
7.580885365
7.619422494
7.666196757
7.715331548
7.768424329
7.827853689
7.891845661
7.963351734
8.038775797
8.117343913
8.201737655
8.288360786
8.38068669
8.476341331
8.576644957
8.684730943
8.800635674
8.921493536
9.048573319
9.182852212
9.321327662
9.461569109
9.607117939
9.756833984
9.90866837
10.06372447
10.22363791
10.38738894
10.55552532
10.72937006
10.9067113
11.08869604
11.27611231
11.4697898
11.66860378
11.8721947
12.08075172
12.29655316
12.51783953
12.74645058
12.98037958
13.21985725
13.46668825
13.72205225
13.98418089
14.25323685
14.52855323
14.81021683
15.09680417
15.38886313
15.68548098
15.98541516
16.28834377
16.59578328
16.90763795
17.22337897
17.5453012
17.87461987
18.21312658
18.55997475
18.91246169
19.27027238
19.63648556
20.01105072
20.39425237
20.78718379
21.18955969
21.60149588
22.02728994
22.46318447
22.90893837
23.36159001
23.8141748
24.2664968
24.71838344
25.17315332
25.63138705
26.09231646
26.5555987
27.02311398
27.4926061
27.95987606
28.42534488
28.88517709
29.34094786
29.79066151
30.23690557
30.6836585
31.14317794
31.61886061
32.11187917
32.62322923
33.16444288
33.73845877
34.34930662
34.99177138
35.66630593
36.36928962
37.09377101
37.83195568
38.58877475
39.36487499
40.15936159
40.97537248
41.81002652
42.68321211
43.58616651
44.52200149
45.50548727
46.52845577
47.56981019
48.6236009
49.67113426
50.67027034
51.61935553
52.50936074
53.27337565
53.87959486
54.35107771
54.65251957
54.7857491
54.8094518
54.79768909
54.82563216
54.89151915
55.01073967
55.29235484
