0.005005638029
0.01001127606
0.01501691409
0.02002255212
0.02502819014
0.03003382817
0.0350394662
0.04004510423
0.04505074226
0.05005638029
0.05506201832
0.06006765635
0.06507329438
0.0700789324
0.07508457043
0.08009020846
0.08509584649
0.09010148452
0.09510712255
0.1001127606
0.1051183986
0.1101240366
0.1151296747
0.1201353127
0.1251409507
0.1301465888
0.1351522268
0.1401578648
0.1451635028
0.1501691409
0.1551747789
0.1601804169
0.165186055
0.170191693
0.175197331
0.180202969
0.1852086071
0.1902142451
0.1952198831
0.2052311592
0.2102367972
0.2152424352
0.2202480733
0.2302593493
0.2352649874
0.2452762634
0.2502819014
0.2602931775
0.2703044536
0.2753100916
0.2853213676
0.2953326437
0.3053439198
0.3153551958
0.3253664719
0.3353777479
0.345389024
0.3554003001
0.3654115761
0.3754228522
0.3904397663
0.4004510423
0.4154679564
0.4254792325
0.4404961465
0.4555130606
0.4705299747
0.4855468888
0.5005638029
0.515580717
0.5305976311
0.5456145452
0.5656370973
0.5806540114
0.6006765635
0.6206991156
0.6407216677
0.6607442198
0.6807667719
0.700789324
0.7258175142
0.7458400663
0.7708682565
0.7958964466
0.8209246367
0.8459528269
0.8759866551
0.9010148452
0.9310486734
0.9610825016
0.9911163297
1.021150158
1.056189624
1.086223452
1.121262918
1.156302385
1.191341851
1.231386955
1.271432059
1.311477164
1.351522268
1.39657301
1.441623752
1.486674495
1.531725237
1.581781617
1.631837997
1.681894378
1.736956396
1.792018414
1.847080433
1.907148089
1.967215745
2.027283402
2.092356696
2.162435628
2.227508923
2.297587855
2.372672426
2.447756996
2.527847205
2.607937413
2.688027622
2.773123468
2.863224953
2.953326437
3.04843356
3.143540682
3.243653443
3.343766203
3.45389024
3.559008639
3.674138313
3.789267988
3.909403301
4.034544251
4.16469084
4.294837429
4.429989656
4.575153158
4.720316661
4.865480164
5.020654943
5.18083536
5.346021415
5.516213108
5.691410439
5.871613408
6.056822015
6.252041898
6.447261781
6.65249294
6.867735376
7.082977811
7.308231522
7.538490872
7.778761497
8.029043398
8.2793253
8.544624115
8.814928569
9.095244299
9.385571304
9.680903948
9.991253506
10.3066087
10.63698081
10.97235856
11.32275322
11.67815352
12.05357637
12.43400486
12.82945027
13.23490695
13.65538054
14.09087105
14.53637284
15.00189717
15.47743279
15.96798531
16.47355475
16.99914675
17.53975565
18.09538147
18.67102985
19.26169514
19.87238297
20.508099
21.15883195
21.82958744
22.52036549
23.23617173
23.97700616
24.73786314
25.52374831
26.33466167
27.17060322
28.03157296
28.92257653
29.84361393
30.78967952
31.76577893
32.77691781
33.81809052
34.88929706
36.0005487
37.14183417
38.32316475
39.53953479
40.79594994
42.09241019
43.42891554
44.805466
46.23207284
47.69872478
49.2154331
50.77719217
52.38900761
54.05588507
55.77281892
57.54481478
59.37187266
61.25399256
63.20118575
65.2084466
67.28078075
69.41818819
71.62066892
73.89823422
76.24587846
78.66360162
81.16642064
83.74432422
86.40231802
89.14540766
91.97859878
94.90189139
97.91528548
101.0237867
104.2324007
107.5461331
110.9599782
114.4839474
118.1230462
121.8722691
125.7416273
129.7361264
133.8607722
138.1105589
142.4954978
147.0256002
151.6908548
156.5112843
161.4818828
166.6126618
171.9036212
177.3647723
182.9961151
188.8126665
194.8094208
200.9963894
207.3785779
213.9659975
220.763654
227.7765529
235.0096998
242.4731061
250.176783
258.1257362
266.3249713
274.7844996
283.5093267
292.5144695
301.8049337
311.3907305
321.2818712
331.4883672
342.0202296
352.8824641
364.0900877
375.6581172
387.5865526
399.9004221
412.5997258
425.7094918
439.2297201
453.1804333
467.5766483
482.4283763
497.7506343
513.5634449
529.8718136
546.7057742
564.0703326
581.9855111
600.4713323
619.5478188
639.2249819
659.5278498
680.4814506
702.0957956
724.395913
747.4018254
771.1435665
795.6411591
820.9096198
846.988994
873.8892927
901.6455556
930.2878164
959.8360977
990.3254389
1021.780868
1054.237425
1087.725144
1122.274057
1157.919206
1194.700634
1232.648376
1271.802477
1312.202981
