0.02115878604
0.01476202972
0.01200062689
0.01037151166
0.009266157591
0.008453281433
0.007823210658
0.007316365662
0.006897226536
0.006543129354
0.006238842779
0.005973701964
0.0057399869
0.005531953254
0.005345226528
0.005176408823
0.005022815313
0.004882292726
0.004753091273
0.004633772385
0.004523140985
0.004420194942
0.00432408679
0.004234094335
0.004149597812
0.004070061934
0.003995021646
0.003924070706
0.003856852454
0.003793052298
0.00373239154
0.003674622282
0.003619523178
0.00356689589
0.003516562105
0.003468361001
0.00342214711
0.003377788479
0.003335165098
0.003254695821
0.003216658319
0.003179970954
0.003144556378
0.003077265913
0.003045263318
0.002984260926
0.002955160108
0.002899532425
0.002847068929
0.002821933013
0.002773691054
0.002727962481
0.002684539054
0.002643235901
0.002603888251
0.002566348709
0.00253048497
0.00249617789
0.002463319849
0.002431813358
0.002386896257
0.002358398282
0.002317645302
0.002291713887
0.002254530605
0.00221925171
0.002185723655
0.002153809675
0.0021233875
0.002094347441
0.002066590769
0.00204002835
0.002006331114
0.001982254147
0.00195162309
0.001922548227
0.001894906727
0.00186858891
0.00184349649
0.001819541102
0.001791075133
0.001769398154
0.001743566867
0.001719036904
0.001695708082
0.001673490688
0.001648183972
0.001628139097
0.00160524173
0.001583511961
0.001562860448
0.001543207132
0.001521444238
0.0015037161
0.001484032174
0.001465345597
0.001447582301
0.00142832681
0.001410101397
0.001392826596
0.001376431251
0.001358958361
0.001342436234
0.00132679203
0.001311960466
0.00129636284
0.001281623869
0.001267678869
0.001253187246
0.001239516817
0.001226605526
0.001213320941
0.001200808672
0.001189010588
0.001176974803
0.001164813804
0.001154208117
0.001143469924
0.001132691734
0.001122607912
0.001112557616
0.001103179616
0.001094422382
0.001085746299
0.001077211429
0.001069294752
0.001061556469
0.001054403928
0.001047458379
0.001041065019
0.001034619802
0.00102899685
0.001023384366
0.001018297774
0.001013505815
0.001009029394
0.001004886194
0.00100122273
0.0009978846935
0.0009947849191
0.0009921459946
0.0009899294033
0.0009879879692
0.0009864087003
0.0009851931639
0.0009843414161
0.0009838521659
0.00098372293
0.0009839501778
0.0009845491514
0.0009854834535
0.0009867938209
0.0009884955998
0.0009905007632
0.0009928927103
0.0009956179243
0.0009987335696
0.001002244415
0.001005998185
0.001010214522
0.001014734801
0.001019635449
0.001024914017
0.001030471044
0.001036490181
0.001042771913
0.001049509054
0.001056490463
0.001063916602
0.001071567188
0.001079758819
0.001088156715
0.001096972062
0.001106084951
0.001115598961
0.001125505751
0.001135681755
0.00114634614
0.001157259771
0.001168527116
0.001180137852
0.001192196235
0.001204576414
0.001217267527
0.001230372529
0.001243766033
0.001257550048
0.001271824359
0.001286351754
0.001301232579
0.001316454556
0.001332114643
0.00134819832
0.00136458373
0.001381365661
0.001398529943
0.001416062606
0.001433949929
0.001452280954
0.001471039456
0.001490109107
0.001509576777
0.001529525428
0.001549839789
0.001570505381
0.001591697996
0.001613209796
0.001635213041
0.001657596865
0.001680436269
0.001703712984
0.0017274093
0.00175150808
0.001776164701
0.001801186853
0.001826726717
0.001852680368
0.001879112044
0.001906082299
0.001933489336
0.001961393014
0.00198977243
0.002018607461
0.00204802899
0.002077938143
0.002108387141
0.002139352941
0.002170813392
0.002202887223
0.002235479101
0.002268566646
0.002302329543
0.002336606454
0.002371440151
0.002406870613
0.002442935125
0.002479606038
0.002516856832
0.002554722639
0.002593236145
0.002632427688
0.002672209545
0.002712669801
0.002753834759
0.002795617925
0.002838101065
0.002881306953
0.002925256506
0.002969864563
0.003015204616
0.003061345339
0.003108151399
0.003155789554
0.003204174343
0.003253367709
0.003303333526
0.003354129679
0.003405719015
0.003458200497
0.003511489986
0.003565638197
0.003620649419
0.003676569247
0.003733398384
0.003791136834
0.003849783959
0.003909378188
0.00396995499
0.004031508541
0.00409403266
0.004157558162
0.004222076575
0.004287651593
0.004354271096
0.004421958025
0.004490733192
0.004560615382
0.004631621465
0.004703733519
0.004776998869
0.004851461186
0.004927066201
0.005003917119
0.005081957417
0.005161283422
0.005241836764
0.005323678288
0.005406835573
0.005491305344
0.005577111413
0.005664302606
0.005752842908
0.005842830301
0.005934225095
0.006027066229
0.006121389268
0.006217226582
0.006314558362
0.006413437517
0.006513912671
0.006615958009
0.006719617439
0.006824908344
0.006931890671
0.007040575463
0.007150950182
0.007263108676
0.007377011647
0.007492724485
0.007610286958
0.007729694958
0.007851002612
0.007974220509
0.008099395558
0.00822655158
0.008355709546
0.008486906027
0.008620191939
0.008755578181
0.008893108402
0.009032822086
