305.7305567
216.2024138
176.2939984
152.7318918
136.7506912
124.9077808
115.7733537
108.3762129
102.2177406
96.98917597
92.46172038
88.49147538
84.97089351
81.82543989
79.03223227
76.51928377
74.23503482
72.14707476
70.22307121
68.46590727
66.82809758
65.30477157
63.86918409
62.53181102
61.28305397
60.10663985
58.9974142
57.93313564
56.93028929
55.96494821
55.05563699
54.1852234
53.35858538
52.56821676
51.81162776
51.08685709
50.39455067
49.72688855
49.08353192
47.8691321
47.29607363
46.74572404
46.21587207
45.20410042
44.72184574
43.79985335
43.36000634
42.52028552
41.73378804
41.36049837
40.64053099
39.95767033
39.31108572
38.69371726
38.10561981
37.53880915
36.99224527
36.46858215
35.97147524
35.49224949
34.80445886
34.36363415
33.72924835
33.32635314
32.74359191
32.19101535
31.66330315
31.15852413
30.67767869
30.2165864
29.7762275
29.35552596
28.81546783
28.42926075
27.93950408
27.47088963
27.02062343
26.5931266
26.18239407
25.79137865
25.32415845
24.96703204
24.54398597
24.13740886
23.75474679
23.38884437
22.97216541
22.64014261
22.26469499
21.91101911
21.57320829
21.25023958
20.89147616
20.59882745
20.27032596
19.95693126
19.65533132
19.32166454
19.00464949
18.70830352
18.43015332
18.1371224
17.85791732
17.5907053
17.33980886
17.0732529
16.81699486
16.5697633
16.30863771
16.06666079
15.83421252
15.59237134
15.36242124
15.13883535
14.90640688
14.66503027
14.45770505
14.23859561
14.01485613
13.80750477
13.59403502
13.39013084
13.1971665
13.00159261
12.80237832
12.61107119
12.41452207
12.23322029
12.05634946
11.89245716
11.71893451
11.5598538
11.39153329
11.23455519
11.0816078
10.92928669
10.77960216
10.63871979
10.49365366
10.34061083
10.19558766
10.06159335
9.928849541
9.793435793
9.655917274
9.523593636
9.397737162
9.274980534
9.157904657
9.041714413
8.927696837
8.814973067
8.70517708
8.599935997
8.49427199
8.395298089
8.291586133
8.187762361
8.093561141
8.003127016
7.917730905
7.83685117
7.760775246
7.68142556
7.602906854
7.534668263
7.472218169
7.415874472
7.359788392
7.309740394
7.261948599
7.214642995
7.174354041
7.134858746
7.095977269
7.062614066
7.03472304
7.005276696
6.98637641
6.971658353
6.960736637
6.950137817
6.939407837
6.934746326
6.927547191
6.922877561
6.920125872
6.919103461
6.91980756
6.922056315
6.927586967
6.934948295
6.944599108
6.961557426
6.977112894
6.996176423
7.017009945
7.040449205
7.068352461
7.101966164
7.135030579
7.168571315
7.202417772
7.238930929
7.278789262
7.322889519
7.372298854
7.42660632
7.486913001
7.551300714
7.618620873
7.689230438
7.763885752
7.839507418
7.917401084
7.996088866
8.077793256
8.165639948
8.258925778
8.354622705
8.45380024
8.556468695
8.663564559
8.776460634
8.893493022
9.016298479
9.145293812
9.280700797
9.421146996
9.565798667
9.714013817
9.866888978
10.02528348
10.18928794
10.35748976
10.53266462
10.71440512
10.90175548
11.0945963
11.29066786
11.49069585
11.69499987
11.90542069
12.12321761
12.34837373
12.57942999
12.81548076
13.0557774
13.30444512
13.56210132
13.82863807
14.10311451
14.38597207
14.67435249
14.9670896
15.26504492
15.56925722
15.8787101
16.19609876
16.52189067
16.85667058
17.20384966
17.56270973
17.93435933
18.31963294
18.71738227
19.12678411
19.54959979
19.98553647
20.43334884
20.88868211
21.35250596
21.82719517
22.30688365
22.7922488
23.29022235
23.79698777
24.31142992
24.8321227
25.35876526
25.88116765
26.3939959
26.89797964
27.39338579
27.87619794
28.33851343
28.78313576
29.19682852
29.57670405
29.91786524
30.23192113
30.53824161
30.84279269
31.12942167
31.4022427
31.68774829
31.98700554
32.28857053
32.59126368
32.86131131
33.09113659
33.29358672
33.45904731
33.61138843
33.74204924
33.80507767
33.79313606
33.69911542
33.56007629
33.3962335
33.22039122
32.99047082
32.69485071
32.33077814
31.91924164
31.44347955
30.90352402
30.30743018
29.58698022
28.63735025
27.35365925
