311.2186013
217.1102119
176.4583088
152.464825
136.1791576
124.1985392
114.9091134
107.4340291
101.2504679
96.02480435
91.53280407
87.61744672
84.16506015
81.09105633
78.33101394
75.83489008
73.56314102
71.4840499
69.57184137
67.80532313
66.16688876
64.64177351
63.2174906
61.88339837
60.63036392
59.45049878
58.33694906
57.28372727
56.28557644
55.33785935
54.43646767
53.57774685
52.75843361
51.97560373
51.22662803
50.50913517
49.82098002
49.16021668
48.52507525
47.32534177
46.75792357
46.21044696
45.68177093
44.67669455
44.19842482
43.2862543
42.85086286
42.01812058
41.23214749
40.85536013
40.13179555
39.44539371
38.79308023
38.17212541
37.58009614
37.01481567
36.47432991
35.95687897
35.46087305
34.98487183
34.30554901
33.87408713
33.25642095
32.86296688
32.29817149
31.76158851
31.25094761
30.7642263
30.29961624
29.85549489
29.4304017
29.02301786
28.50533924
28.1348209
27.66262929
27.2135302
26.78570495
26.37752936
25.98754776
25.61445116
25.17003704
24.83078462
24.42551446
24.03958416
23.67150856
23.31995753
22.91823411
22.59899418
22.23311207
21.88460505
21.55214747
21.2345512
20.88138579
20.59246257
20.27026875
19.96293911
19.66937369
19.34946017
19.04491271
18.75455082
18.47731738
18.17994336
17.89677354
17.62672557
17.3688293
17.09547176
16.83496739
16.58635497
16.32558878
16.07713869
15.84008262
15.59350013
15.35852942
15.134307
14.90263046
14.66520886
14.45511685
14.23919877
14.01887064
13.80907853
13.5960298
13.39322252
13.1998928
13.00409837
12.80678489
12.61898524
12.43029683
12.25068295
12.07068869
11.8993162
11.72002032
11.55721549
11.3875551
11.2262729
11.06624645
10.90786583
10.75147643
10.60294542
10.45640444
10.30710105
10.16555421
10.03119005
9.894919918
9.761646281
9.631489661
9.504549141
9.380904481
9.260618103
9.143736932
9.027394525
8.917571935
8.80862917
8.701013794
8.599695837
8.499910831
8.404026458
8.310081705
8.218365288
8.132454078
8.04725696
7.966205898
7.887830888
7.812297948
7.74091379
7.671380774
7.606049403
7.542927787
7.483999023
7.42755237
7.375239649
7.324969161
7.278855839
7.235673429
7.196035623
7.159500604
7.126178805
7.096468414
7.06977097
7.046714308
7.027026057
7.010727615
6.997719506
6.988169407
6.982052144
6.979323227
6.980003424
6.984080642
6.991636432
7.002544602
7.016831874
7.034465753
7.055559561
7.080113143
7.107919199
7.139107773
7.173639167
7.211462518
7.25251736
7.296990144
7.3448345
7.395719449
7.449835862
7.507399836
7.568056525
7.631719418
7.698908032
7.768935696
7.842328903
7.918690193
7.998242193
8.08089321
8.166547655
8.255107173
8.347117891
8.441833552
8.5397975
8.64058204
8.744404377
8.851478128
8.961371939
9.074295926
9.190137927
9.308786299
9.430755551
9.555613188
9.683552463
9.814453165
9.948196811
10.08526691
10.22523576
10.36798356
10.5142667
10.66336806
10.81545276
10.97067685
11.12918717
11.29084606
11.4555197
11.62334701
11.79445796
11.96897369
12.14648935
12.32738406
12.5117633
12.69922706
12.89012983
13.08456302
13.28261043
13.48387765
13.68868582
13.89733607
14.10920708
14.32504483
14.54445399
14.76770738
14.99463339
15.22548754
15.46009395
15.69889606
15.94150468
16.18814446
16.43882905
16.69376068
16.95293733
17.21635394
17.48400269
17.75605433
18.03266641
18.31380819
18.59944741
18.88972101
19.18458662
19.48433185
19.78889806
20.09838698
20.4128908
20.73249261
21.05726687
21.38712905
21.72229319
22.06295679
22.40886938
22.76050108
23.11759134
23.48057908
23.84919548
24.2237173
24.60426922
24.99083482
25.3835217
25.78255204
26.18775983
26.5995924
27.01786706
27.44276109
27.87443637
28.31304026
28.75848136
29.21100117
29.67082162
30.13782405
30.61220896
31.0940555
31.5836377
32.08100582
32.5861023
33.09935647
33.62058842
34.15009739
34.6880654
35.23447378
35.7895704
36.35340394
36.92618938
37.50803607
38.09904043
38.69937031
39.30925924
39.92875775
40.55806628
41.19736627
