0.02080162102
0.01470020616
0.01199865717
0.0103905616
0.009291135596
0.008484672121
0.007859727587
0.007354001135
0.00693554375
0.006583283141
0.006278492439
0.006010762674
0.005773845287
0.005564351163
0.005376796002
0.005206981432
0.005052676638
0.004910989896
0.004780278574
0.004658126385
0.00454555049
0.004441296191
0.004343354999
0.004251343291
0.004165319711
0.004084253615
0.004007129881
0.00393353967
0.003863622096
0.00379733045
0.003734685512
0.003675114719
0.003618733813
0.003565189324
0.003514186701
0.003465040909
0.003417925711
0.00337289882
0.003329666366
0.003248264877
0.003209494432
0.003171830969
0.003135399302
0.003066675434
0.003034228616
0.002972032437
0.00294232505
0.002885322825
0.002831396637
0.002805913038
0.002756877051
0.002710371558
0.002665692886
0.002623569003
0.002583080216
0.002543775936
0.002505893221
0.002469478162
0.00243457468
0.002401141258
0.002353742284
0.002323615185
0.002280684038
0.002253663565
0.002215006276
0.002178302947
0.0021437797
0.002111070339
0.002079997537
0.002050434565
0.00202191552
0.001994557942
0.001959634892
0.001934519324
0.00190233806
0.001871485553
0.001841888467
0.001813897763
0.001787208782
0.001761391373
0.001730497197
0.00170691879
0.00167897308
0.001652273491
0.001627242633
0.001603748597
0.001577078117
0.001555946498
0.001532010485
0.001509064283
0.001487700979
0.001467787148
0.001445604873
0.001427321261
0.001406833684
0.001387442098
0.001368884659
0.001348859254
0.00132959412
0.001311229221
0.001293685703
0.001275878887
0.001259535475
0.001244038972
0.001229069981
0.001213420511
0.001198545915
0.001184201625
0.001168844753
0.001154348145
0.00114030822
0.001125806606
0.001111858563
0.001098523687
0.001085194323
0.001072077201
0.001060917375
0.001049942187
0.001039502831
0.001029568775
0.00101968011
0.001010657932
0.001002383364
0.0009938293703
0.0009849342061
0.0009766258422
0.000968716455
0.0009613912589
0.000953994548
0.0009473723746
0.0009408481734
0.0009353580731
0.0009301766469
0.0009256358774
0.0009211577074
0.0009171602757
0.000913461698
0.0009103182963
0.0009073872016
0.00090462979
0.0009021336321
0.000900085972
0.0008984176417
0.0008973300846
0.0008966544796
0.0008966312074
0.0008973573961
0.0008990621384
0.0009011683432
0.0009036400901
0.0009065917398
0.0009102167045
0.000914485837
0.0009191582047
0.0009243698621
0.0009298451606
0.0009359487402
0.000942375074
0.0009490553065
0.000956299709
0.000963967832
0.0009721445993
0.0009807683662
0.0009896160654
0.0009993457577
0.001009447077
0.00102022884
0.0010312545
0.001042787338
0.001054302935
0.001066492099
0.001078957288
0.001092075643
0.001105549765
0.001119587132
0.00113408748
0.001148865487
0.001164262145
0.00117997169
0.001196168006
0.001212875366
0.001230226959
0.001248041456
0.001266364997
0.001285385941
0.00130497995
0.001325159968
0.001346109707
0.001367586121
0.001389819695
0.001412941655
0.001437080452
0.001462188412
0.001488165663
0.00151503305
0.001542738546
0.001571340448
0.00160070486
0.001631083809
0.001662437771
0.00169455993
0.001727614452
0.001761791498
0.001796998882
0.001833150591
0.001870553258
0.001908968655
0.001948612466
0.001989237089
0.002030987487
0.002073877542
0.002117751139
0.002162461854
0.002208218103
0.002254632789
0.00230196637
0.002349997338
0.002398893215
0.002448740333
0.002499380619
0.00255094185
0.002603410305
0.002656768164
0.002711279546
0.002766687054
0.002823044568
0.002880359856
0.002938632254
0.002998072285
0.003058551893
0.003120050529
0.003182844359
0.003246659943
0.003311532211
0.003377521224
0.003444604342
0.003512671534
0.003581534926
0.003651129852
0.003721432231
0.003792366203
0.003863603294
0.0039349535
0.004006341201
0.004077601162
0.004149007319
0.004220371323
0.004291654771
0.00436291439
0.004434371544
0.00450599502
0.004577393335
0.004648512131
0.004719355475
0.004789346116
0.004858527469
0.004927303625
0.00499553258
0.005063574367
0.005131207697
0.005198981132
0.005267768122
0.005338461043
0.005411297158
0.005486672615
0.005565027341
0.005646561526
0.005731632459
0.005820491499
0.005913412244
0.006010540674
0.006111697136
0.006216760855
0.006325100659
0.006436285877
0.006549874811
0.00666532414
0.006782034812
0.006899153067
0.007015962723
0.007131740785
0.007245624489
0.00735708328
0.0074651794
0.007569089062
0.007667909826
0.007761827122
0.007850869074
0.007934778868
0.008012334258
0.008082740663
0.008144492858
0.008195650941
0.008234560077
0.008257215737
0.008258970412
0.008236482819
0.008186990615
0.008111190123
0.008012402828
0.007889249318
0.007744021652
0.007578428499
0.007389797852
0.007169340307
0.006907348056
0.006609994298
0.00629391299
0.005985745917
0.005695101344
0.005408517778
0.00513533866
0.004880337228
0.004656509329
0.00447450307
0.004319313566
0.004159407263
0.003978279014
0.003762092937
0.003508849411
0.003248691662
