311.7862278
217.3630558
176.6286416
152.5998824
136.2956053
124.303981
115.0075882
107.5279098
101.3412523
96.11348981
91.62008287
87.70381523
84.25088382
81.17661006
78.41650824
75.92048858
73.64897246
71.57021664
69.65842549
67.8923909
66.25449399
64.7299601
63.30629443
61.97284885
60.72048515
59.54131051
58.4284674
57.37596534
56.37854482
55.4315665
54.53092027
53.67295003
52.85439125
52.07231858
51.3241019
50.60736907
49.91997428
49.25997101
48.62558887
47.4273699
46.86070622
46.31398192
45.78605574
44.78247092
44.30494255
43.39424531
42.95958557
42.12829647
41.34376256
40.96768943
40.2455425
39.56054382
38.90961895
38.29003829
37.6993688
37.13543387
36.59627958
36.08014625
35.58544426
35.11073355
34.43332181
34.00311787
33.38731503
32.99508783
32.4321103
31.89731895
31.38844422
30.90346439
30.44057183
29.99814471
29.57472316
29.16898903
28.65347697
28.28455952
27.81447153
27.36744187
26.9416531
26.53548216
26.1474745
25.77632214
25.33429804
24.99692652
24.59397003
24.21031324
23.84447251
23.49511908
23.09598545
22.77886569
22.4154839
22.06943111
21.73938339
21.42415427
21.07369859
20.78705508
20.46747277
20.16270465
19.87165262
19.55455484
19.25276495
18.96510471
18.69051908
18.39606193
18.11574595
17.84849116
17.5933297
17.32294488
17.06534644
16.81957564
16.56186373
16.31639581
16.08225248
15.83877129
15.60682526
15.38555371
15.15699371
14.9228385
14.71569921
14.50287758
14.28577456
14.07911537
13.86931053
13.66964979
13.47937273
13.28672258
13.09263089
12.90794648
12.72243494
12.54588749
12.36900599
12.20063233
12.02450823
11.86461127
11.6980062
11.53964865
11.38253956
11.22705694
11.07353429
10.92772525
10.78386303
10.6372749
10.49828154
10.36631481
10.23244096
10.10146683
9.973503054
9.848639134
9.726945558
9.608475812
9.493268225
9.378485558
9.270021035
9.162296996
9.055738778
8.95526084
8.85613198
8.760692497
8.666978991
8.575261598
8.489113744
8.403420425
8.321616441
8.242209902
8.165353141
8.092369619
8.020896206
7.953335835
7.887617217
7.825794665
7.766065176
7.710169656
7.655856844
7.605396693
7.557448744
7.51268391
7.47059592
7.431291802
7.395241015
7.361703545
7.331457142
7.304161754
7.279845481
7.258335703
7.239889436
7.224493892
7.212033294
7.202626989
7.196193072
7.192742469
7.192340381
7.194946468
7.200548836
7.209195467
7.220909617
7.235594806
7.253319563
7.274070395
7.297823165
7.324544399
7.354365792
7.387271282
7.423039651
7.461810014
7.503751479
7.548617825
7.596351035
7.647353914
7.70111692
7.758054236
7.817869816
7.880748725
7.94663105
8.015451657
8.087141245
8.162155956
8.23990002
8.320830576
8.404606763
8.491420255
8.581464227
8.67438916
8.770384658
8.869368296
8.971256452
9.076505591
9.184757937
9.296195267
9.410727877
9.528266054
9.649251152
9.773322797
9.900389245
10.03114223
10.16495989
10.30200697
10.44244294
10.58642168
10.73383978
10.884596
11.03883897
11.19671172
11.35835164
11.52340859
11.6922606
11.86503506
12.04138535
12.22167381
12.40601903
12.59453473
12.78687907
12.98339317
13.18440491
13.38935401
13.59900235
13.8130096
14.03168619
14.25491036
14.48298183
14.71577722
14.95379036
15.19668916
15.44475498
15.69806147
15.95687629
16.22126411
16.49128858
16.76701248
17.04868596
17.33655132
17.63065918
17.93106043
18.23798716
18.55148615
18.87195969
19.19944657
19.53416111
19.87631292
20.22610727
20.58374555
20.94925794
21.32300983
21.70535783
22.09616057
22.49609542
22.90501883
23.32359276
23.75167306
24.1897518
24.63815529
25.09705112
25.56676034
26.04775185
26.54003497
27.04437233
27.56076919
28.0896794
28.63155097
29.18682674
29.75565656
30.33862373
30.93630409
31.54884253
32.17681023
32.820633
33.48101265
34.15836727
34.85297715
35.56580769
36.29699818
37.04736935
37.81760009
38.60809813
39.41967187
40.25285958
41.108463
41.98714843
42.88958085
43.81655421
44.76898915
45.7475444
46.75313584
47.78667623
