0.0207482757
0.01472176448
0.01202425045
0.01040648545
0.009302060786
0.008495268833
0.007871485562
0.007363837245
0.006940579026
0.006583943948
0.006277968741
0.006009242356
0.005772054696
0.005562055458
0.005373257858
0.005201974349
0.005046941946
0.004906245017
0.004776291134
0.004654585326
0.004541754653
0.004436467507
0.004338559679
0.004247273765
0.004161735809
0.004081225223
0.004005359541
0.003933554608
0.003865906615
0.003801475353
0.00374101476
0.003683191287
0.003627771184
0.003574426921
0.003523050866
0.003473838053
0.003426751053
0.003381185115
0.003337746139
0.003255756143
0.003216893867
0.003179699419
0.00314385288
0.003076263335
0.003044279529
0.002983224512
0.00295419598
0.002898194666
0.002845189673
0.002819670046
0.002770573979
0.00272378445
0.002678873282
0.002636114894
0.002595396527
0.002556533235
0.002519487795
0.002483987878
0.00245010597
0.002417364573
0.002370552539
0.002340434365
0.002297642663
0.002270260705
0.00223077769
0.002192834828
0.002156773963
0.002121983541
0.002089274362
0.002058317384
0.002028697091
0.00200049648
0.001965242523
0.001940052615
0.001907947767
0.001877589131
0.001848458939
0.001820451629
0.001793408493
0.001768084743
0.001737801597
0.001714622427
0.001687593652
0.001662203746
0.001637665234
0.001613933306
0.001587417875
0.001566814997
0.00154322857
0.001521183754
0.001499926425
0.00147900828
0.001455875979
0.001436894516
0.001416025202
0.001396419172
0.00137778919
0.001357202942
0.001337859715
0.001320024987
0.001303582887
0.001285716827
0.001268496232
0.001252544798
0.001237282883
0.001221430731
0.001206700038
0.001192770887
0.001178488729
0.001164912902
0.001152140568
0.001138458678
0.001125665397
0.001113745584
0.001101884248
0.001089615202
0.001078710378
0.001067351403
0.00105586676
0.001045304405
0.001034733456
0.001024996175
0.001015814834
0.001006239358
0.0009967834192
0.0009879396679
0.0009790590953
0.0009705494202
0.000962615849
0.0009553291485
0.0009478345785
0.0009411429871
0.0009345020979
0.000928687006
0.0009231292402
0.000918034958
0.0009135390151
0.0009100088565
0.000906843147
0.0009042949541
0.0009023517708
0.0009008862169
0.0008997921099
0.0008991823297
0.000899081195
0.000899581166
0.0009009607488
0.0009030559922
0.0009058840067
0.0009092798897
0.0009126016357
0.0009163745787
0.000920782063
0.000925638201
0.0009309654566
0.0009365017655
0.0009426729729
0.0009493390548
0.0009559716382
0.0009630054025
0.0009703572765
0.0009780600224
0.000986206979
0.000994558218
0.001003336971
0.001012218441
0.001021363942
0.001030701681
0.001040420346
0.001050131166
0.00106038104
0.001070753271
0.001081558336
0.001092557875
0.001103827217
0.001115415119
0.001127085686
0.001139243544
0.001151462839
0.001163980247
0.001176876248
0.001190272187
0.00120409294
0.001218232534
0.001232934012
0.001248005554
0.001263627837
0.001279887382
0.001296560569
0.001313722137
0.001331227091
0.001349292196
0.001367751225
0.001386454292
0.001405572603
0.001425137938
0.001445144108
0.001465544529
0.001486414309
0.001507710032
0.001529296544
0.001551262108
0.001573703245
0.001596556217
0.001619797118
0.001643584692
0.001667725866
0.001692399235
0.001717483084
0.00174305094
0.001769015051
0.001795377999
0.001822129995
0.001849309602
0.001876670278
0.001904290316
0.00193199937
0.001959839181
0.001987844227
0.002015954671
0.002044199629
0.002072503135
0.002100812753
0.00212926841
0.002157782883
0.002186325622
0.002214898956
0.002243538989
0.002272558399
0.002302028585
0.002332094484
0.002363098711
0.002395065592
0.002428086447
0.002462145011
0.002497450426
0.002534031362
0.002572180248
0.00261209409
0.002653936433
0.002697812484
0.002743464773
0.002790995441
0.002840317013
0.002891060157
0.002942997837
0.002995977459
0.003050166421
0.00310535898
0.003161484936
0.003218561108
0.003276166047
0.00333451043
0.003393503141
0.003453488722
0.003514744164
0.003577527524
0.003641610681
0.003706880609
0.003773232392
0.003840736698
0.003908956467
0.0039773648
0.00404575059
0.00411409186
0.004182514644
0.00425157057
0.004321667957
0.00439311399
0.004466045683
0.004540763952
0.004617578973
0.004696557094
0.004777853475
0.004861148689
0.004945599406
0.005030501674
0.005115171247
0.005198733147
0.005280592405
0.005361151445
0.005440406519
0.005517014388
0.00559105015
0.005663609574
0.005735874936
0.005807351549
0.00587469615
0.005936231815
0.00599094259
0.0060377584
0.006075292757
0.006102885619
0.006118755551
0.00611933135
0.006103527366
0.006069064719
0.006013666537
0.005936744216
0.005841315206
0.00572838063
0.005594682592
0.005443201568
0.005274817189
0.005099289267
0.004929403921
0.004773589659
0.004633525222
0.00450242549
0.004380609645
0.00426740108
0.00416673659
0.004075471259
0.004004896226
0.003956887302
0.00394400677
0.003962610503
0.004006672788
0.004064790897
0.004123095879
0.004187658993
