44483408.86
30992117.83
25178017.11
21749735.6
19424020.88
17713686.66
16387861.97
15321178.45
14438915.96
13693408.15
13052625.58
12001732.38
11169693.41
10489770.66
9920632.107
9217680.222
8645754.694
8168635.511
7640313.033
7104778.108
6668151.866
6237289.384
5826802.711
5488061.965
5128587.563
4801810.779
4481644.768
4198221.99
3929848.972
3680357.642
3451051.362
3223703.283
3021447.245
2828805.732
2649067.448
2479470.562
2318906.521
2172521.111
2033034.128
1902955.662
1781789.498
1669158.07
1563710.454
1464789.847
1372093.598
1285466.915
1204785.704
1129169.928
1058814.33
993228.2844
931732.4813
874517.3407
821203.3537
771359.5175
724960.5095
681810.8578
641606.5264
604239.1302
569550.7364
537280.513
507401.5868
479701.3118
454065.6177
430380.816
408529.6135
388394.1771
369896.3852
352921.8012
337393.582
323226.4209
310349.6999
298690.6147
288197.0517
278819.648
270523.2505
263284.9456
257102.0646
251992.9598
248000.3862
245200.3965
243706.4653
243675.4436
245314.1758
248884.4301
254705.7523
263155.7352
274668.9078
289731.7343
308880.6578
332696.8657
361812.3738
396913.7709
