268.7114349
190.0181577
155.0754605
134.2619359
120.1129684
109.6216064
101.48401
94.94322049
89.51238545
84.92892879
80.98316244
74.50727851
69.39453121
65.21359132
61.71871051
57.40263736
53.88750126
50.9476775
47.69883157
44.39551151
41.68392652
38.98689131
36.41048787
34.27912023
32.02065635
29.97192028
27.96843533
26.19350978
24.51593655
22.95531693
21.52225799
20.10174125
18.85987457
17.68279648
16.57617473
15.52915941
14.57915831
13.69507631
12.85738852
12.06254612
11.32675471
10.62803592
9.949974781
9.29736945
8.696232542
8.13696013
7.603180201
7.124208346
6.710035179
6.330756816
5.956191299
5.601504765
5.284984057
4.989271239
4.714084829
4.456287573
4.23330094
4.013523639
3.805942127
3.609997764
3.442085634
3.306786267
3.223548319
3.159365404
3.125522678
3.108471064
3.132504385
3.147867604
3.202083465
3.297948138
3.443347693
3.612888678
3.796131309
3.991845572
4.179430573
4.360676916
4.540167537
4.745128592
4.946659941
5.149402103
5.31357193
5.436521055
5.512231886
5.640431672
5.906862397
6.156696421
6.370770745
6.499881353
6.205510668
5.221620202
4.045893336
3.019093572
