0.02080308119
0.01469504441
0.01198423564
0.0103957008
0.00931112481
0.008508718484
0.007879513479
0.007369616254
0.006945474116
0.006584933286
0.006275639002
0.006007624711
0.005769605787
0.005557944838
0.005368350705
0.005197426388
0.005041184177
0.004899494187
0.004769958199
0.004650373912
0.004538800858
0.004434985345
0.004337567912
0.004246016858
0.004159912304
0.004078754986
0.004001843239
0.003928996608
0.003860480757
0.003795535634
0.003733934699
0.00367549835
0.003619750643
0.003566175619
0.003515042923
0.003466043674
0.003418885226
0.003373700383
0.003330048104
0.003247525811
0.003208832361
0.003171671437
0.003136003806
0.003067495563
0.00303517802
0.002973452803
0.002944002482
0.002887843807
0.002835218993
0.002810142583
0.00276211685
0.002716410386
0.002672901086
0.002631634702
0.002592306654
0.002554878082
0.002519332574
0.002484945847
0.002452254677
0.002420802744
0.002375642478
0.002346643753
0.00230468918
0.002277782302
0.00223856086
0.002201320735
0.002165617048
0.002131639794
0.002099709733
0.002069052701
0.002039534183
0.002011275287
0.001975136434
0.001949171181
0.00191596996
0.001884247044
0.001854178944
0.001824889461
0.001796954536
0.001770258378
0.001738469348
0.001714388724
0.001685654003
0.001658425643
0.001632968462
0.001609377266
0.001582504182
0.001561449484
0.001538006776
0.001515770782
0.001494875082
0.001474845956
0.001452554918
0.001434299061
0.001413996552
0.001394960554
0.001376898441
0.001357262854
0.001338530286
0.001321122346
0.001304831213
0.00128755513
0.001271363663
0.001256095437
0.001242032558
0.001227342895
0.001213447173
0.00119989528
0.001185803401
0.001172221857
0.001159014053
0.001144889437
0.001131715125
0.001119195895
0.001106691665
0.001094384839
0.001083549039
0.001072657654
0.001061836824
0.001051777444
0.001041877321
0.001033042496
0.001024898565
0.001016959814
0.001008994893
0.001001592278
0.0009942426931
0.0009875860906
0.0009814836051
0.0009760942086
0.0009709169384
0.0009664628474
0.0009624234183
0.0009591612339
0.000956016693
0.0009536639783
0.000951751734
0.0009503106057
0.0009495141471
0.0009489741071
0.0009488813145
0.0009492230975
0.0009500066807
0.0009512276814
0.0009527849863
0.0009548829422
0.0009575992426
0.000960728632
0.0009641780135
0.0009681899379
0.0009724544819
0.0009768123377
0.0009818512416
0.0009873792927
0.0009936355337
0.001000303596
0.001007704539
0.001015533796
0.001023241329
0.001031386687
0.001039809156
0.00104858119
0.00105752153
0.001066784181
0.001076581641
0.001086420113
0.001096537198
0.00110672395
0.001117240933
0.001127804145
0.001138913034
0.001150012097
0.00116137198
0.001173114883
0.001185130471
0.001197366079
0.001209758851
0.001222498706
0.001235234632
0.001248174383
0.001261493346
0.00127527944
0.001289394422
0.001303838923
0.001318967332
0.001334310079
0.001350024192
0.001366207076
0.001382603025
0.001399197053
0.001415980044
0.001433126463
0.001450522497
0.001468140338
0.001486007608
0.001504118074
0.001522647925
0.001541525247
0.001560706158
0.001580212816
0.001600031343
0.001620237043
0.001640970843
0.001662151867
0.001683661724
0.00170561456
0.001727841851
0.001750651261
0.001773963777
0.001797844094
0.00182217897
0.001847016361
0.001872240221
0.001897994124
0.001924087229
0.001950884562
0.001978383381
0.002006763767
0.00203599736
0.002065714374
0.002095867236
0.002126438963
0.002157337194
0.002188810662
0.002220684187
0.002252917414
0.002285351912
0.002317912789
0.002350675309
0.002383608435
0.00241682995
0.002450393178
0.002484061179
0.002517760315
0.002551616149
0.00258548232
0.0026191454
0.002652601459
0.002686010802
0.002719259733
0.00275232174
0.00278508226
0.002817624043
0.002849895981
0.002881464592
0.002912385108
0.002943201081
0.002973858634
0.003004387496
0.003034966337
0.00306572115
0.003096362796
0.003126376069
0.003156004671
0.003185008922
0.00321272695
0.003238816326
0.003263490235
0.00328714729
0.003310068535
0.003332183953
0.003353370577
0.003373887517
0.003394296495
0.003413665765
0.003432611404
0.00345258178
0.003473222789
0.003494958411
0.003518579158
0.003544756704
0.003573168546
0.003603401623
0.003634652018
0.003666179406
0.003697732308
0.003729359795
0.003761654337
0.003795437384
0.003831546461
0.003869450258
0.003907204719
0.003944303851
0.003980788803
0.004016227237
0.004048868364
0.004077799685
0.004104139538
0.004127767361
0.004149970807
0.004171295538
0.004191127542
0.004207557246
0.004221520919
0.004233202301
0.004241765978
0.004247805971
0.004251301184
0.004252525609
0.004251481471
0.004246913151
0.004237199737
0.004223082115
0.004204344944
0.004181124249
0.004154028529
0.004123077274
0.004089802163
0.004054630675
0.004017233863
0.003977624782
0.003939710642
0.00390782078
0.00388813334
0.003885772442
0.003900230345
0.003924132882
0.003946924828
0.003966725752
0.003970129216
0.003946197655
